"1","Petit","Jean","128, avenue Napoléon","59000","Lille","FR","Jean.petit@mail.fr","606060606","11a4a60b518bf24989d481468076e5d5982884626aed9faeb35b8576fcd2","2021-02-09 12:00:32","2021-02-10 19:06:15"
"2","Flibustier","Paul","4, rue du pont","89000","Mont-Sacq","FR","paul.flibu@pirate.com","236458978","50d858e0985ecc7f60418aaf0cc5ab587f42c2570a884095a9e8ccacd0f6","2020-12-01 23:03:57","2021-02-17 17:46:23"
"3","Jousieux","Mirabelle","1236, boulevard du sac","54000","Nancy","FR","mira.jsx@mail.com","623212425","765fc1d4da29cf5b7b8cbdc6b789bc3a8f3e00b1710733cf3f8fe1f13f14","2021-01-14 18:03:57","2021-02-15 23:03:57"
